DSCF1013.JPG:[1277,1753,501,291,1],[1867,1648,482,226,2],[2368,1629,514,293,3],[1321,1875,566,260,4],[1954,1801,566,279,5],[2517,1743,541,281,6]
DSCF1015.JPG:[696,1395,1231,921,3],[2135,1106,1189,801,6]
DSCF1016.JPG:[1079,1854,1138,649,4],[2021,1322,1058,656,6],[2431,739,1039,732,3]
DSCF1017.JPG:
DSCF1021.JPG:
DSCF1023.JPG:
DSCF1025.JPG:[1078,1596,1313,730,6]
DSCF1029.JPG:[216,1672,1297,752,6],[1467,1103,1215,921,2],[2620,864,1120,893,1]
DSCF1032.JPG:[235,1225,1066,516,5],[2397,1137,990,536,6]
DSCF1037.JPG:[1241,1803,1537,669,1]
DSCF1038.JPG:[1210,1834,1773,820,2]
DSCF1040.JPG:[508,1908,1018,642,2],[1517,1826,904,486,1],[2383,1824,853,467,4]
DSCF1042.JPG:[2103,1763,1071,580,5]
DSCF1044.JPG:[1460,1237,1034,548,6]
DSCF1048.JPG:[483,1280,718,398,4],[1509,1263,711,326,5],[2564,1187,712,408,3]
DSCF1049.JPG:[484,1055,798,468,4],[1811,1256,783,428,5],[2779,1431,715,395,3]
DSCF1050.JPG:[539,851,844,370,5],[1860,847,850,439,3]
DSCF1053.JPG:[1019,1628,1013,531,1],[2092,1523,1013,584,6]
DSCF1056.JPG:[542,967,1292,722,2],[1702,1035,1317,694,6]
DSCF1059.JPG:[1300,1011,1159,775,2]
DSCF1061.JPG:[498,1696,1432,860,6],[1237,1297,1151,719,2]
DSCF1064.JPG:[2483,407,884,526,3],[646,761,1012,654,2]
DSCF1065.JPG:[707,1092,881,315,5],[2227,949,823,383,1]
DSCF1066.JPG:[1024,1160,759,413,1],[2057,1199,730,393,5]
DSCF1068.JPG:[838,384,1381,558,5],[2550,1628,976,568,1]
DSCF1070.JPG:[1673,1422,1061,668,2],[1578,1057,942,585,6]
DSCF1072.JPG:[779,1237,981,635,3],[1931,1488,1059,581,2]
DSCF1074.JPG:[1210,1359,1756,1026,2]
DSCF1077.JPG:[357,1371,1150,645,6],[1776,1390,1231,665,1]
DSCF1081.JPG:[1484,1341,790,398,4]
DSCF1082.JPG:[1014,674,1038,561,5],[2137,633,1026,580,4]
DSCF1086.JPG:[739,1020,675,389,4],[1527,1009,606,417,2],[2222,1009,604,355,1],[2928,1000,683,435,3]
DSCF1088.JPG:[1259,504,795,465,5],[1345,1550,676,406,2]
DSCF1090.JPG:[1955,791,729,417,1]
DSCF1092.JPG:[470,1326,900,583,4],[1648,1575,896,532,5],[2484,1121,775,505,3]
DSCF1094.JPG:[1444,1050,1005,662,4]
DSCF1097.JPG:[1386,712,1194,726,5]
DSCF1099.JPG:[1150,595,1196,602,6]
DSCF1101.JPG:[1106,1148,994,597,2]
DSCF1103.JPG:[1541,569,761,429,6],[1199,1946,880,593,5]
DSCF1104.JPG:[1744,504,777,420,5],[1724,1807,792,490,1]
DSCF1105.JPG:[1120,1056,1343,826,2]
DSCF1106.JPG:[1296,1161,1219,701,2]
DSCF1109.JPG:[1099,936,1187,720,3]
DSCF1110.JPG:[773,796,1208,654,3],[1982,853,1251,735,1]
DSCF1111.JPG:[1903,928,1083,589,6],[746,954,1110,647,2]
DSCF1114.JPG:[1557,1204,1072,589,6]
DSCF1116.JPG:[1581,1504,1026,523,5]
DSCF1120.JPG:[1314,1334,1394,710,3]
DSCF1122.JPG:[1496,1047,1092,618,5]
DSCF1125.JPG:[1021,951,656,455,1],[1227,1490,846,531,6],[2494,1311,874,478,2]
DSCF1129.JPG:[1449,1839,823,523,6]
DSCF1130.JPG:[1542,1731,794,472,1]
DSCF1132.JPG:[2785,1079,554,272,1],[2330,1314,896,528,4],[245,1723,1460,761,5]
DSCF1133.JPG:[1420,1252,1165,852,1]
DSCF1135.JPG:[1806,1269,677,390,6]
DSCF1137.JPG:[1895,1234,942,564,2]
DSCF1140.JPG:[1780,648,881,371,6]
DSCF1141.JPG:[1834,705,856,331,2]
DSCF1142.JPG:[968,1274,902,486,2],[2035,1233,951,419,1]
